2	4	3	5	6	8	*
*
1	5	0	2	2	1	*
4	9	3	1	0	2	8	9	*
6	3	*
3	0	9	3	7	7	6	*
4	*
5	9	6	2	1	2	2	*
6	8	7	7	9	6	9	*
3	*
3	*
*
0	7	*
1	1	8	2	5	9	3	7	*
5	6	*
1	9	0	6	4	*
7	8	*
7	5	4	7	8	2	*
2	8	0	1	3	*
0	2	4	9	5	5	8	*
0	6	9	0	9	4	4	8	8	*
1	6	*
4	0	5	7	3	*
9	5	1	2	*
8	8	*
7	5	0	6	7	0	5	6	7	*
2	8	2	1	7	*
8	1	5	2	8	5	6	4	*
*
1	5	6	1	8	3	4	1	7	*
4	0	5	8	9	6	*
3	9	1	2	6	5	*
9	8	5	9	*
6	*
4	6	8	9	9	3	9	3	*
4	6	6	3	*
0	5	8	0	5	1	*
7	9	6	0	*
8	7	5	0	*
8	5	9	6	7	4	8	3	*
3	6	2	3	*
1	9	0	3	3	1	6	4	9	*
0	5	6	8	1	8	6	*
1	9	3	4	*
2	1	2	8	*
6	6	0	9	0	9	5	7	*
2	*
8	5	4	2	2	*
2	0	8	9	2	0	5	*
9	7	5	*
*
1	9	1	2	9	2	9	9	1	*
0	9	6	2	*
5	7	4	0	1	5	8	*
3	6	5	0	*
3	7	4	4	0	6	8	*
7	3	3	8	*
5	6	9	6	6	6	*
2	1	0	1	*
8	8	8	6	*
7	5	6	5	*
*
0	0	1	9	4	7	1	9	3	*
4	*
6	9	1	7	3	8	3	9	2	*
1	*
8	*
6	*
*
2	4	*
6	5	*
9	1	0	6	0	9	9	*
3	4	9	*
*
9	3	2	6	7	7	4	5	0	*
4	3	7	9	*
5	1	6	9	6	1	8	6	7	*
*
2	8	5	6	1	0	*
7	3	*
*
7	4	2	1	7	9	8	*
*
7	0	*
3	2	*
9	8	0	*
7	3	2	0	8	3	7	1	*
7	9	6	6	4	9	*
2	3	3	1	9	*
1	3	3	*
9	3	7	6	*
9	3	*
0	9	*
5	0	0	9	1	9	*
6	*
0	9	6	4	7	1	3	0	*
9	9	1	6	5	7	2	*
0	*
*
5	3	6
